0.00,1643
0.00,1643
0.60,1643
1.20,1643
1.80,1643
2.40,1643
3.00,1643
3.60,1643
4.20,1643
4.80,1643
5.40,1643
6.00,1643
6.60,1643
7.20,1643
7.80,1643
8.40,1643
9.00,1643
9.60,1643
10.20,1643
10.80,1643
11.40,1643
12.00,1643
12.60,1643
13.20,1643
13.80,1643
14.40,1643
15.00,1643
15.60,1643
16.20,1643
16.80,1643
17.40,1643
18.00,1643
18.60,1643
19.20,1643
19.80,1979
20.40,1979
21.00,1979
21.60,1979
22.20,1979
22.80,1979
23.40,1979
24.00,1979
24.60,1979
25.20,1979
25.80,1979
26.40,1979
27.00,1979
27.60,1979
28.20,1979
28.80,1979
29.40,1979
30.00,1979
30.60,1979
31.20,1979
31.80,1979
32.40,1979
33.00,1979
33.60,1979
34.20,1979
34.80,1979
35.40,1979
36.00,1979
36.60,1979
37.20,1979
37.80,1979
38.40,1979
39.00,1979
39.60,1979
40.20,1979
40.80,1979
41.40,1979
42.00,1979
42.60,1979
43.20,1979
43.80,1979
44.40,1979
45.00,1979
45.60,1979
46.20,1718
46.80,1718
47.40,1718
48.00,1718
48.60,1718
49.20,1718
49.80,1718
50.40,1718
51.00,1718
51.60,1718
52.20,1718
52.80,1718
53.40,1718
54.00,1718
54.60,1718
55.20,1718
55.80,1718
56.40,1718
57.00,1718
57.60,1718
58.20,1718
58.80,1718
59.40,1718
60.00,1718
60.60,1718
61.20,1718
61.80,1718
62.40,1718
63.00,1718
63.60,1718
64.20,1718
64.80,1718
65.40,1718
66.00,1718
66.60,1718
67.20,1718
67.80,1718
68.40,1718
69.00,1718
69.60,1718
70.20,1718
70.80,1718
71.40,1718
72.00,1245
72.60,1245
73.20,1245
73.80,1245
74.40,1245
75.00,1245
75.60,1245
76.20,1245
76.80,1245
77.40,1245
78.00,1245
78.60,1245
79.20,1245
79.80,1245
80.40,1245
81.00,1245
81.60,1245
82.20,1245
82.80,1245
83.40,1245
84.00,1245
84.60,1245
85.20,1245
85.80,1245
86.40,1245
87.00,1245
87.60,1245
88.20,1245
88.80,1245
89.40,1245
90.00,1245
90.60,1245
91.20,1245
91.80,1245
92.40,1245
93.00,1245
93.60,1245
94.20,1245
94.80,1245
95.40,1245
96.00,1245
96.60,1245
97.20,1245
97.80,1639
98.40,1639
99.00,1639
99.60,1639
100.20,1639
100.80,1639
101.40,1639
102.00,1639
102.60,1639
103.20,1639
103.80,1639
104.40,1639
105.00,1639
105.60,1639
106.20,1639
106.80,1639
107.40,1639
108.00,1639
108.60,1639
109.20,1639
109.80,1639
110.40,1639
111.00,1639
111.60,1639
112.20,1639
112.80,1639
113.40,1639
114.00,1639
114.60,1639
115.20,1639
115.80,1639
116.40,1639
117.00,1639
117.60,1639
118.20,1639
118.80,1639
119.40,1639
120.00,1639
120.60,1639
121.20,1639
121.80,1639
122.40,1639
123.00,1639
123.60,1639
124.20,1639
124.80,1639
125.40,1639
126.00,1639
126.60,1639
127.20,1639
127.80,2096
128.40,2096
129.00,2096
129.60,2096
130.20,2096
130.80,2096
131.40,2096
132.00,2096
132.60,2096
133.20,2096
133.80,2096
134.40,2096
135.00,2096
135.60,2096
136.20,2096
136.80,2096
137.40,2096
138.00,2096
138.60,2096
139.20,2096
139.80,2096
140.40,2096
141.00,2096
141.60,2096
142.20,2096
142.80,2096
143.40,2096
144.00,2096
144.60,2096
145.20,2096
145.80,2096
146.40,2096
147.00,2096
147.60,2096
148.20,2096
148.80,2096
149.40,2096
150.00,2096
150.60,2096
151.20,2096
151.80,2096
152.40,2096
153.00,815
153.60,815
154.20,815
154.80,815
155.40,815
156.00,815
156.60,815
157.20,815
157.80,815
158.40,815
159.00,815
159.60,815
160.20,815
160.80,815
161.40,815
162.00,815
162.60,815
163.20,815
163.80,815
164.40,815
165.00,815
165.60,815
166.20,815
166.80,815
167.40,815
168.00,815
168.60,815
169.20,815
169.80,815
170.40,815
171.00,815
171.60,815
172.20,815
172.80,815
173.40,815
174.00,815
174.60,815
175.20,815
175.80,815
176.40,815
177.00,815
177.60,815
178.20,815
178.80,822
179.40,1078
180.00,1078
180.60,1078
181.20,1078
181.80,1078
182.40,1078
183.00,1078
183.60,1078
184.20,1078
184.80,1078
185.40,1078
186.00,1078
186.60,1078
187.20,1078
187.80,1078
188.40,1078
189.00,1078
189.60,1078
190.20,1078
190.80,1078
191.40,1078
192.00,1078
192.60,1078
193.20,1078
193.80,1078
194.40,1078
195.00,1078
195.60,1078
196.20,1078
196.80,1078
197.40,1078
198.00,1078
198.60,1078
199.20,3419
199.80,3419
200.40,3419
201.00,3419
201.60,3419
202.20,3419
202.80,3419
203.40,3419
204.00,3419
204.60,3419
205.20,3419
205.80,3419
206.40,3419
207.00,3419
207.60,3419
208.20,3419
208.80,3419
209.40,3419
210.00,3419
210.60,3419
211.20,3419
211.80,3419
212.40,3419
213.00,3419
213.60,3419
214.20,3419
214.80,3419
215.40,3419
216.00,3419
216.60,3419
217.20,3419
217.80,3419
218.40,3419
219.00,3419
219.60,3419
220.20,3419
220.80,3419
221.40,3419
222.00,3419
222.60,3419
223.20,3419
223.80,3419
224.40,3625
225.00,3625
225.60,3625
226.20,3625
226.80,3625
227.40,3625
228.00,3625
228.60,3625
229.20,3625
229.80,3625
230.40,3625
231.00,3625
231.60,3625
232.20,3625
232.80,3625
233.40,3625
234.00,3625
234.60,3625
235.20,3625
235.80,3625
236.40,3625
237.00,3625
237.60,3625
238.20,3625
238.80,3625
239.40,3625
240.00,3625
240.60,3625
241.20,3625
241.80,3625
242.40,3625
243.00,3625
243.60,3625
244.20,3625
244.80,3625
245.40,3625
246.00,3625
246.60,3625
247.20,3625
247.80,3625
248.40,3625
249.00,3625
249.60,4074
250.20,4074
250.80,4074
251.40,4074
252.00,4074
252.60,4074
253.20,4074
253.80,4074
254.40,4074
255.00,4074
255.60,4074
256.20,4074
256.80,4074
257.40,4074
258.00,4074
258.60,4074
259.20,4074
259.80,4074
260.40,4074
261.00,4074
261.60,4074
262.20,4074
262.80,4074
263.40,4074
264.00,4074
264.60,4074
265.20,4074
265.80,4074
266.40,4074
267.00,4074
267.60,4074
268.20,4074
268.80,4074
269.40,4074
270.00,4074
270.60,4074
271.20,4074
271.80,4074
272.40,4074
273.00,4074
273.60,4074
274.20,4074
274.80,1802
275.40,1802
276.00,1802
276.60,1802
277.20,1802
277.80,1802
278.40,1802
279.00,1802
279.60,1802
280.20,1802
280.80,1802
281.40,1802
282.00,1802
282.60,1802
283.20,1802
283.80,1802
284.40,1802
285.00,1802
285.60,1802
286.20,1802
286.80,1802
287.40,1802
288.00,1802
288.60,1802
289.20,1802
289.80,1802
290.40,1802
291.00,1802
291.60,1802
292.20,1802
292.80,1802
293.40,1802
294.00,1802
294.60,1802
295.20,1802
295.80,1802
296.40,1802
297.00,1802
297.60,1802
298.20,1802
298.80,1802
299.40,1802
300.00,1773
300.60,1773
301.20,1773
301.80,1773
302.40,1773
303.00,1773
303.60,1773
304.20,1773
304.80,1773
305.40,1773
306.00,1773
306.60,1773
307.20,1773
307.80,1773
308.40,1773
309.00,1773
309.60,1773
310.20,1773
310.80,1773
311.40,1773
312.00,1773
312.60,1773
313.20,1773
313.80,1773
0.00,1773
0.60,1773
1.20,1773
1.80,1773
2.40,1773
3.00,1773
3.60,1773
4.20,1773
4.80,1773
5.40,1773
6.00,1773
6.60,1773
7.20,1773
7.80,1773
8.40,1773
9.00,1773
9.60,1773
10.20,1773
10.80,1773
11.40,1629
12.00,1629
12.60,1629
13.20,1629
13.80,1629
14.40,1629
15.00,1629
15.60,1629
16.20,1629
16.80,1629
17.40,1629
18.00,1629
18.60,1629
19.20,1629
19.80,1629
20.40,1629
21.00,1629
21.60,1629
22.20,1629
22.80,1629
23.40,1629
24.00,1629
24.60,1629
25.20,1629
25.80,1629
26.40,1629
27.00,1629
27.60,1629
28.20,1629
28.80,1629
29.40,1629
30.00,1629
30.60,1629
31.20,1629
31.80,1629
32.40,1629
33.00,1629
33.60,1629
34.20,1629
34.80,1629
35.40,1629
36.00,1629
36.60,1629
37.20,1867
37.80,1867
38.40,1867
39.00,1867
39.60,1867
40.20,1867
40.80,1867
41.40,1867
42.00,1867
42.60,1867
43.20,1867
43.80,1867
44.40,1867
45.00,1867
45.60,1867
46.20,1867
46.80,1867
47.40,1867
48.00,1867
48.60,1867
49.20,1867
49.80,1867
50.40,1867
51.00,1867
51.60,1867
52.20,1867
52.80,1867
53.40,1867
54.00,1867
54.60,1867
55.20,1867
55.80,1867
56.40,1867
57.00,1867
57.60,1867
58.20,1867
58.80,1867
59.40,1867
60.00,1867
60.60,1867
61.20,1867
61.80,1867
62.40,1867
63.00,1060
63.60,1060
64.20,1060
64.80,1060
65.40,1060
66.00,1060
66.60,1060
67.20,1060
67.80,1060
68.40,1060
69.00,1060
69.60,1060
70.20,1060
70.80,1060
71.40,1060
72.00,1060
72.60,1060
73.20,1060
73.80,1060
74.40,1060
75.00,1060
75.60,1060
76.20,1060
76.80,1060
77.40,1060
78.00,1060
78.60,1060
79.20,1060
79.80,1060
80.40,1060
81.00,1060
81.60,1060
82.20,1060
82.80,1060
83.40,1060
84.00,1060
84.60,1060
85.20,1060
85.80,1060
86.40,1060
87.00,1060
87.60,1060
88.20,1060
88.80,1303
89.40,1303
90.00,1303
90.60,1303
91.20,1303
91.80,1303
92.40,1303
93.00,1303
93.60,1303
94.20,1303
94.80,1303
95.40,1303
96.00,1303
96.60,1303
97.20,1303
97.80,1303
98.40,1303
99.00,1303
99.60,1303
100.20,1303
100.80,1303
101.40,1303
102.00,1303
102.60,1303
103.20,1303
103.80,1303
104.40,1303
105.00,1303
105.60,1303
106.20,1303
106.80,1303
107.40,1303
108.00,1303
108.60,1303
109.20,1303
109.80,1303
110.40,1303
111.00,1303
111.60,1303
112.20,1303
112.80,1303
113.40,1303
114.00,1303
114.60,1303
115.20,1303
115.80,1303
116.40,1303
117.00,1303
117.60,1303
118.20,1303
118.80,1303
119.40,1827
120.00,1827
120.60,1827
121.20,1827
121.80,1827
122.40,1827
123.00,1827
123.60,1827
124.20,1827
124.80,1827
125.40,1827
126.00,1827
126.60,1827
127.20,1827
127.80,1827
128.40,1827
129.00,1827
129.60,1827
130.20,1827
130.80,1827
131.40,1827
132.00,1827
132.60,1827
133.20,1827
133.80,1827
134.40,1827
135.00,1827
135.60,1827
136.20,1827
136.80,1827
137.40,1827
138.00,1827
138.60,1827
139.20,1827
139.80,1827
140.40,1827
141.00,1827
141.60,1827
142.20,1827
142.80,1827
143.40,1827
144.00,1827
144.60,1981
145.20,1981
145.80,1981
146.40,1981
147.00,1981
147.60,1981
148.20,1981
148.80,1981
149.40,1981
150.00,1981
150.60,1981
151.20,1981
151.80,1981
152.40,1981
153.00,1981
153.60,1981
154.20,1981
154.80,1981
155.40,1981
156.00,1981
156.60,1981
157.20,1981
157.80,1981
158.40,1981
159.00,1981
159.60,1981
160.20,1981
160.80,1981
161.40,1981
162.00,1981
162.60,1981
163.20,1981
163.80,1981
164.40,1981
165.00,1981
165.60,1981
166.20,1981
166.80,1981
167.40,1981
168.00,1981
168.60,1981
169.20,1981
169.80,1981
170.40,69
171.00,69
171.60,69
172.20,69
172.80,69
173.40,69
174.00,69
174.60,69
175.20,69
175.80,69
176.40,69
177.00,69
177.60,69
178.20,69
178.80,69
179.40,69
180.00,69
180.60,69
181.20,69
181.80,69
182.40,69
183.00,69
183.60,69
184.20,69
184.80,69
185.40,69
186.00,69
186.60,69
187.20,69
187.80,69
188.40,69
189.00,69
189.60,69
190.20,69
190.80,69
191.40,69
192.00,69
192.60,69
193.20,69
193.80,69
194.40,69
195.00,69
195.60,69
196.20,3248
196.80,3248
197.40,3248
198.00,3248
198.60,3248
199.20,3248
199.80,3248
200.40,3248
201.00,3248
201.60,3248
202.20,3248
202.80,3248
203.40,3248
204.00,3248
204.60,3248
205.20,3248
205.80,3248
206.40,3248
207.00,3248
207.60,3248
208.20,3248
208.80,3248
209.40,3248
210.00,3248
210.60,3248
211.20,3248
211.80,3248
212.40,3248
213.00,3248
213.60,3248
214.20,3248
214.80,3248
215.40,3248
216.00,3248
216.60,2381
217.20,2381
217.80,2381
218.40,2381
219.00,2381
219.60,2381
220.20,2381
220.80,2381
221.40,2381
222.00,2381
222.60,2381
223.20,2381
223.80,2381
224.40,2381
225.00,2381
225.60,2381
226.20,2381
226.80,2381
227.40,2381
228.00,2381
228.60,2381
229.20,2381
229.80,2381
230.40,2381
231.00,2381
231.60,2381
232.20,2381
232.80,2381
233.40,2381
234.00,2381
234.60,2381
235.20,2381
235.80,2381
236.40,2381
237.00,2381
237.60,2381
238.20,2381
238.80,2381
239.40,2381
240.00,2381
240.60,2381
241.20,2381
241.80,3810
242.40,3810
243.00,3810
243.60,3810
244.20,3810
244.80,3810
245.40,3810
246.00,3810
246.60,3810
247.20,3810
247.80,3810
248.40,3810
249.00,3810
249.60,3810
250.20,3810
250.80,3810
251.40,3810
252.00,3810
252.60,3810
253.20,3810
253.80,3810
254.40,3810
255.00,3810
255.60,3810
256.20,3810
256.80,3810
257.40,3810
258.00,3810
258.60,3810
259.20,3810
259.80,3810
260.40,3810
261.00,3810
261.60,3810
262.20,3810
262.80,3810
263.40,3810
264.00,3810
264.60,3810
265.20,3810
265.80,3810
266.40,3810
267.00,1547
267.60,1547
268.20,1547
268.80,1547
269.40,1547
270.00,1547
270.60,1547
271.20,1547
271.80,1547
272.40,1547
273.00,1547
273.60,1547
274.20,1547
274.80,1547
275.40,1547
276.00,1547
276.60,1547
277.20,1547
277.80,1547
278.40,1547
279.00,1547
279.60,1547
280.20,1547
280.80,1547
281.40,1547
282.00,1547
282.60,1547
283.20,1547
283.80,1547
284.40,1547
285.00,1547
285.60,1547
286.20,1547
286.80,1547
287.40,1547
288.00,1547
288.60,1547
289.20,1547
289.80,1547
290.40,1547
291.00,1547
291.60,1547
292.20,1854
292.80,1854
293.40,1854
294.00,1854
294.60,1854
295.20,1854
295.80,1854
296.40,1854
297.00,1854
297.60,1854
298.20,1854
298.80,1854
299.40,1854
300.00,1854
300.60,1854
301.20,1854
301.80,1854
302.40,1854
303.00,1854
303.60,1854
304.20,1854
304.80,1854
305.40,1854
306.00,1854
306.60,1854
307.20,1854
307.80,1854
308.40,1854
309.00,1854
309.60,1854
310.20,1854
310.80,1854
311.40,1854
312.00,1854
312.60,1854
313.20,1854
313.80,1854
314.40,1854
315.00,1854
315.60,1854
0.00,1854
0.60,1854
1.20,1861
1.80,1349
2.40,1349
3.00,1349
3.60,1349
4.20,1349
4.80,1349
5.40,1349
6.00,1349
6.60,1349
7.20,1349
7.80,1349
8.40,1349
9.00,1349
9.60,1349
10.20,1349
10.80,1349
11.40,1349
12.00,1349
12.60,1349
13.20,1349
13.80,1349
14.40,1349
15.00,1349
15.60,1349
16.20,1349
16.80,1349
17.40,1349
18.00,1349
18.60,1349
19.20,1349
19.80,1349
20.40,1349
21.00,1349
21.60,1349
22.20,1349
22.80,1349
23.40,1349
24.00,1349
24.60,1349
25.20,1349
25.80,1349
26.40,1349
27.00,1349
27.60,1749
28.20,1749
28.80,1749
29.40,1749
30.00,1749
30.60,1749
31.20,1749
31.80,1749
32.40,1749
33.00,1749
33.60,1749
34.20,1749
34.80,1749
35.40,1749
36.00,1749
36.60,1749
37.20,1749
37.80,1749
38.40,1749
39.00,1749
39.60,1749
40.20,1749
40.80,1749
41.40,1749
42.00,1749
42.60,1749
43.20,1749
43.80,1749
44.40,1749
45.00,1749
45.60,1749
46.20,1749
46.80,1749
47.40,1749
48.00,1749
48.60,1749
49.20,1749
49.80,1749
50.40,1749
51.00,1749
51.60,1749
52.20,1749
52.80,1749
53.40,1685
54.00,1685
54.60,1685
55.20,1685
55.80,1685
56.40,1685
57.00,1685
57.60,1685
58.20,1685
58.80,1685
59.40,1685
60.00,1685
60.60,1685
61.20,1685
61.80,1685
62.40,1685
63.00,1685
63.60,1685
64.20,1685
64.80,1685
65.40,1685
66.00,1685
66.60,1685
67.20,1685
67.80,1685
68.40,1685
69.00,1685
69.60,1685
70.20,1685
70.80,1685
71.40,1685
72.00,1685
72.60,1685
73.20,1685
73.80,1685
74.40,1685
75.00,1685
75.60,1685
76.20,1685
76.80,1685
77.40,1685
78.00,1685
78.60,1685
79.20,1478
79.80,1478
80.40,1478
81.00,1478
81.60,1478
82.20,1478
82.80,1478
83.40,1478
84.00,1478
84.60,1478
85.20,1478
85.80,1478
86.40,1478
87.00,1478
87.60,1478
88.20,1478
88.80,1478
89.40,1478
90.00,1478
90.60,1478
91.20,1478
91.80,1478
92.40,1478
93.00,1478
93.60,1478
94.20,1478
94.80,1478
95.40,1478
96.00,1478
96.60,1478
97.20,1478
97.80,1478
98.40,1478
99.00,1478
99.60,1478
100.20,1478
100.80,1478
101.40,1478
102.00,1478
102.60,1478
103.20,1478
103.80,1478
104.40,1478
105.00,1895
105.60,1895
106.20,1895
106.80,1895
107.40,1895
108.00,1895
108.60,1895
109.20,1895
109.80,1895
110.40,1895
111.00,1895
111.60,1895
112.20,1895
112.80,1895
113.40,1895
114.00,1895
114.60,1895
115.20,1895
115.80,1895
116.40,1895
117.00,1895
117.60,1895
118.20,1895
118.80,1895
119.40,1895
120.00,1895
120.60,1895
121.20,1895
121.80,1895
122.40,1895
123.00,1895
123.60,1895
124.20,1895
124.80,1895
125.40,1895
126.00,1895
126.60,1895
127.20,1895
127.80,1895
128.40,1895
129.00,1895
129.60,1895
130.20,1895
130.80,1895
131.40,1895
132.00,1895
132.60,1895
133.20,1895
133.80,1895
134.40,1895
135.00,2173
135.60,2173
136.20,2173
136.80,2173
137.40,2173
138.00,2173
138.60,2173
139.20,2173
139.80,2173
140.40,2173
141.00,2173
141.60,2173
142.20,2173
142.80,2173
143.40,2173
144.00,2173
144.60,2173
145.20,2173
145.80,2173
146.40,2173
147.00,2173
147.60,2173
148.20,2173
148.80,2173
149.40,2173
150.00,2173
150.60,2173
151.20,2173
151.80,2173
152.40,2173
153.00,2173
153.60,2173
154.20,2173
154.80,2173
155.40,2173
156.00,2173
156.60,2173
157.20,2173
157.80,2173
158.40,2173
159.00,2173
159.60,2173
160.20,2173
160.80,61
161.40,61
162.00,61
162.60,61
163.20,61
163.80,61
164.40,61
165.00,61
165.60,61
166.20,61
166.80,61
167.40,61
168.00,61
168.60,61
169.20,61
169.80,61
170.40,61
171.00,61
171.60,61
172.20,61
172.80,61
173.40,61
174.00,61
174.60,61
175.20,61
175.80,61
176.40,61
177.00,61
177.60,61
178.20,61
178.80,61
179.40,61
180.00,61
180.60,61
181.20,61
181.80,61
182.40,61
183.00,61
183.60,61
184.20,61
184.80,61
185.40,61
186.00,61
186.60,2177
187.20,2177
187.80,2177
188.40,2177
189.00,2177
189.60,2177
190.20,2177
190.80,2177
191.40,2177
192.00,2177
192.60,2177
193.20,2177
193.80,2177
194.40,2177
195.00,2177
195.60,2177
196.20,2177
196.80,2177
197.40,2177
198.00,2177
198.60,2177
199.20,2177
199.80,2177
200.40,2177
201.00,2177
201.60,2177
202.20,2177
202.80,2177
203.40,2177
204.00,2177
204.60,2177
205.20,2177
205.80,2177
206.40,2177
207.00,2592
207.60,2592
208.20,2592
208.80,2592
209.40,2592
210.00,2592
210.60,2592
211.20,2592
211.80,2592
212.40,2592
213.00,2592
213.60,2592
214.20,2592
214.80,2592
215.40,2592
216.00,2592
216.60,2592
217.20,2592
217.80,2592
218.40,2592
219.00,2592
219.60,2592
220.20,2592
220.80,2592
221.40,2592
222.00,2592
222.60,2592
223.20,2592
223.80,2592
224.40,2592
225.00,2592
225.60,2592
226.20,2592
226.80,2592
227.40,2592
228.00,2592
228.60,2592
229.20,2592
229.80,2592
230.40,2592
231.00,2592
231.60,2592
232.20,3726
232.80,3726
233.40,3726
234.00,3726
234.60,3726
235.20,3726
235.80,3726
236.40,3726
237.00,3726
237.60,3726
238.20,3726
238.80,3726
239.40,3726
240.00,3726
240.60,3726
241.20,3726
241.80,3726
242.40,3726
243.00,3726
243.60,3726
244.20,3726
244.80,3726
245.40,3726
246.00,3726
246.60,3726
247.20,3726
247.80,3726
248.40,3726
249.00,3726
249.60,3726
250.20,3726
250.80,3726
251.40,3726
252.00,3726
252.60,3726
253.20,3726
253.80,3726
254.40,3726
255.00,3726
255.60,3726
256.20,3726
256.80,3726
257.40,3475
258.00,3475
258.60,3475
259.20,3475
259.80,3475
260.40,3475
261.00,3475
261.60,3475
262.20,3475
262.80,3475
263.40,3475
264.00,3475
264.60,3475
265.20,3475
265.80,3475
266.40,3475
267.00,3475
267.60,3475
268.20,3475
268.80,3475
269.40,3475
270.00,3475
270.60,3475
271.20,3475
271.80,3475
272.40,3475
273.00,3475
273.60,3475
274.20,3475
274.80,3475
275.40,3475
276.00,3475
276.60,3475
277.20,3475
277.80,3475
278.40,3475
279.00,3475
279.60,3475
280.20,3475
280.80,3475
281.40,3475
282.00,3475
282.60,1763
283.20,1763
283.80,1763
284.40,1763
285.00,1763
285.60,1763
286.20,1763
286.80,1763
287.40,1763
288.00,1763
288.60,1763
289.20,1763
289.80,1763
290.40,1763
291.00,1763
291.60,1763
292.20,1763
292.80,1763
293.40,1763
294.00,1763
294.60,1763
295.20,1763
295.80,1763
296.40,1763
297.00,1763
297.60,1763
298.20,1763
298.80,1763
299.40,1763
300.00,1763
300.60,1763
301.20,1763
301.80,1763
302.40,1763
303.00,1763
303.60,1763
304.20,1763
304.80,1763
305.40,1763
306.00,1763
306.60,1763
307.20,1763
307.80,1287
308.40,1287
309.00,1287
309.60,1287
310.20,1287
310.80,1287
311.40,1287
312.00,1287
312.60,1287
313.20,1287
313.80,1287
314.40,1287
0.00,1287
0.60,1287
1.20,1287
1.80,1287
2.40,1287
3.00,1287
3.60,1287
4.20,1287
4.80,1287
5.40,1287
6.00,1287
6.60,1287
7.20,1287
7.80,1287
8.40,1287
9.00,1287
9.60,1287
10.20,1287
10.80,1287
11.40,1287
12.00,1287
12.60,1287
13.20,1287
13.80,1287
14.40,1287
15.00,1287
15.60,1287
16.20,1287
16.80,1287
17.40,1287
18.00,1287
18.60,1287
19.20,1594
19.80,1594
20.40,1594
21.00,1594
21.60,1594
22.20,1594
22.80,1594
23.40,1594
24.00,1594
24.60,1594
25.20,1594
25.80,1594
26.40,1594
27.00,1594
27.60,1594
28.20,1594
28.80,1594
29.40,1594
30.00,1594
30.60,1594
31.20,1594
31.80,1594
32.40,1594
33.00,1594
33.60,1594
34.20,1594
34.80,1594
35.40,1594
36.00,1594
36.60,1594
37.20,1594
37.80,1594
38.40,1594
39.00,1594
39.60,1594
40.20,1594
40.80,1594
41.40,1594
42.00,1594
42.60,1594
43.20,1594
43.80,1594
44.40,1594
45.00,1908
45.60,1908
46.20,1908
46.80,1908
47.40,1908
48.00,1908
48.60,1908
49.20,1908
49.80,1908
50.40,1908
51.00,1908
51.60,1908
52.20,1908
52.80,1908
53.40,1908
54.00,1908
54.60,1908
55.20,1908
55.80,1908
56.40,1908
57.00,1908
57.60,1908
58.20,1908
58.80,1908
59.40,1908
60.00,1908
60.60,1908
61.20,1908
61.80,1908
62.40,1908
63.00,1908
63.60,1908
64.20,1908
64.80,1908
65.40,1908
66.00,1908
66.60,1908
67.20,1908
67.80,1908
68.40,1908
69.00,1908
69.60,1908
70.20,1908
70.80,1320
71.40,1320
72.00,1320
72.60,1320
73.20,1320
73.80,1320
74.40,1320
75.00,1320
75.60,1320
76.20,1320
76.80,1320
77.40,1320
78.00,1320
78.60,1320
79.20,1320
79.80,1320
80.40,1320
0.60,1320
1.20,1320
1.80,1320
2.40,1320
3.00,1320
3.60,1320
4.20,1320
4.80,1320
5.40,1320
6.00,1320
6.60,1320
7.20,1320
7.80,1320
8.40,1320
9.00,1320
9.60,1320
10.20,1320
10.80,1320
11.40,1320
12.00,1320
12.60,1320
13.20,1320
13.80,1320
14.40,1320
15.00,1320
15.60,1320
16.20,1360
16.80,1360
17.40,1360
18.00,1360
18.60,1360
19.20,1360
19.80,1360
20.40,1360
21.00,1360
21.60,1360
22.20,1360
22.80,1360
23.40,1360
24.00,1360
24.60,1360
25.20,1360
25.80,1360
26.40,1360
27.00,1360
27.60,1360
28.20,1360
28.80,1360
29.40,1360
30.00,1360
30.60,1360
31.20,1360
31.80,1360
32.40,1360
33.00,1360
33.60,1360
34.20,1360
34.80,1360
35.40,1360
36.00,1360
36.60,1360
37.20,1360
37.80,1360
38.40,1360
39.00,1360
39.60,1360
40.20,1360
40.80,1360
41.40,1360
42.00,1360
42.60,1360
43.20,1360
43.80,1360
44.40,1360
45.00,1360
45.60,1360
46.20,1360
0.60,1360
1.20,2021
1.80,2021
2.40,2021
3.00,2021
3.60,2021
4.20,2021
4.80,2021
5.40,2021
6.00,2021
6.60,2021
7.20,2021
7.80,2021
8.40,2021
9.00,2021
9.60,2021
10.20,2021
10.80,2021
11.40,2021
12.00,2021
12.60,2021
13.20,2021
13.80,2021
14.40,2021
15.00,2021
15.60,2021
16.20,2021
16.80,2021
17.40,2021
18.00,2021
18.60,2021
19.20,2021
19.80,2021
20.40,2021
21.00,2021
21.60,2021
22.20,2021
22.80,2021
23.40,2021
24.00,2021
24.60,2021
25.20,2021
25.80,2021
26.40,2021
27.00,378
27.60,378
28.20,378
28.80,378
29.40,378
30.00,378
30.60,378
31.20,378
31.80,378
32.40,378
33.00,378
33.60,378
34.20,378
34.80,378
35.40,378
36.00,378
36.60,378
37.20,378
37.80,378
38.40,378
39.00,378
39.60,378
40.20,378
40.80,378
41.40,378
42.00,378
42.60,378
43.20,378
43.80,378
44.40,378
45.00,378
45.60,378
46.20,378
46.80,378
47.40,378
48.00,378
48.60,378
49.20,378
49.80,378
50.40,378
51.00,378
51.60,378
52.20,378
52.80,378
53.40,1731
54.00,1731
54.60,1731
55.20,1731
55.80,1731
56.40,1731
57.00,1731
57.60,1731
58.20,1731
58.80,1731
59.40,1731
60.00,1731
60.60,1731
61.20,1731
61.80,1731
62.40,1731
63.00,1731
63.60,1731
64.20,1731
64.80,1731
65.40,1731
66.00,1731
66.60,1731
67.20,1731
67.80,1731
68.40,1731
69.00,1731
69.60,1731
70.20,1731
70.80,1731
71.40,1731
72.00,1731
72.60,1731
73.20,1731
73.80,1731
74.40,3451
75.00,3451
75.60,3451
76.20,3451
76.80,3451
77.40,3451
78.00,3451
78.60,3451
79.20,3451
79.80,3451
80.40,3451
81.00,3451
81.60,3451
82.20,3451
82.80,3451
83.40,3451
84.00,3451
84.60,3451
85.20,3451
85.80,3451
86.40,3451
87.00,3451
87.60,3451
88.20,3451
88.80,3451
89.40,3451
90.00,3451
90.60,3451
91.20,3451
91.80,3451
92.40,3451
93.00,3451
93.60,3451
94.20,3451
94.80,3451
95.40,3451
96.00,3451
96.60,3451
97.20,3451
97.80,3451
98.40,3451
99.00,3451
99.60,3451
100.20,3711
100.80,3711
101.40,3711
102.00,3711
102.60,3711
103.20,3711
103.80,3711
104.40,3711
105.00,3711
105.60,3711
106.20,3711
106.80,3711
107.40,3711
108.00,3711
108.60,3711
109.20,3711
109.80,3711
110.40,3711
111.00,3711
111.60,3711
112.20,3711
112.80,3711
113.40,3711
114.00,3711
114.60,3711
115.20,3711
115.80,3711
116.40,3711
117.00,3711
117.60,3711
118.20,3711
118.80,3711
119.40,3711
120.00,3711
120.60,3711
121.20,3711
121.80,3711
122.40,3711
123.00,3711
123.60,3711
124.20,3711
124.80,3711
125.40,4264
126.00,4264
126.60,4264
127.20,4264
127.80,4264
128.40,4264
129.00,4264
129.60,4264
130.20,4264
130.80,4264
131.40,4264
132.00,4264
132.60,4264
133.20,4264
133.80,4264
134.40,4264
135.00,4264
135.60,4264
136.20,4264
136.80,4264
137.40,4264
138.00,4264
138.60,4264
139.20,4264
139.80,4264
140.40,4264
141.00,4264
141.60,4264
142.20,4264
142.80,4264
143.40,4264
144.00,4264
144.60,4264
145.20,4264
145.80,4264
146.40,4264
147.00,4264
147.60,4264
148.20,4264
148.80,4264
149.40,4264
150.00,4264
150.60,1799
151.20,1799
151.80,1799
152.40,1799
153.00,1799
153.60,1799
154.20,1799
154.80,1799
155.40,1799
156.00,1799
156.60,1799
157.20,1799
157.80,1799
158.40,1799
159.00,1799
159.60,1799
160.20,1799
160.80,1799
161.40,1799
162.00,1799
162.60,1799
163.20,1799
163.80,1799
164.40,1799
165.00,1799
165.60,1799
166.20,1799
166.80,1799
167.40,1799
168.00,1799
168.60,1799
169.20,1799
169.80,1799
170.40,1799
171.00,1799
171.60,1799
172.20,1799
172.80,1799
173.40,1799
174.00,1799
174.60,1799
175.20,1799
175.80,1405
176.40,1405
177.00,1405
177.60,1405
178.20,1405
178.80,1405
179.40,1405
180.00,1405
180.60,1405
181.20,1405
181.80,1405
182.40,1405
183.00,1405
183.60,1405
184.20,1405
184.80,1405
185.40,1405
186.00,1405
186.60,1405
187.20,1405
0.00,1405
0.60,1405
1.20,1405
1.80,1405
2.40,1405
3.00,1405
3.60,1405
4.20,1405
4.80,1405
5.40,1405
6.00,1405
6.60,1405
7.20,1405
7.80,1405
8.40,1405
9.00,1405
9.60,1405
10.20,1405
10.80,1405
11.40,1405
12.00,1405
12.60,1405
13.20,1405
13.80,1914
14.40,1914
15.00,1914
15.60,1914
16.20,1914
16.80,1914
17.40,1914
18.00,1914
18.60,1914
19.20,1914
19.80,1914
20.40,1914
21.00,1914
21.60,1914
22.20,1914
22.80,1914
23.40,1914
24.00,1914
24.60,1914
25.20,1914
25.80,1914
26.40,1914
27.00,1914
27.60,1914
28.20,1914
28.80,1914
29.40,1914
30.00,1914
30.60,1914
31.20,1914
31.80,1914
32.40,1914
33.00,1914
33.60,1914
34.20,1914
34.80,1914
35.40,1914
36.00,1914
36.60,1914
37.20,1914
37.80,1914
38.40,1914
39.00,1914
39.60,1937
40.20,1937
40.80,1937
41.40,1937
42.00,1937
42.60,1937
43.20,1937
43.80,1937
44.40,1937
45.00,1937
45.60,1937
46.20,1937
46.80,1937
47.40,1937
48.00,1937
48.60,1937
49.20,1937
49.80,1937
50.40,1937
51.00,1937
51.60,1937
52.20,1937
52.80,1937
53.40,1937
54.00,1937
54.60,1937
55.20,1937
55.80,1937
56.40,1937
57.00,1937
57.60,1937
58.20,1937
58.80,1937
59.40,1937
60.00,1937
60.60,1937
61.20,1937
61.80,1937
62.40,1937
63.00,1937
63.60,1937
64.20,1937
64.80,1937
65.40,1251
66.00,1251
66.60,1251
67.20,1251
67.80,1251
68.40,1251
69.00,1251
69.60,1251
70.20,1251
70.80,1251
71.40,1251
72.00,1251
72.60,1251
73.20,1251
73.80,1251
74.40,1251
75.00,1251
75.60,1251
76.20,1251
76.80,1251
77.40,1251
78.00,1251
78.60,1251
79.20,1251
79.80,1251
80.40,1251
81.00,1251
81.60,1251
82.20,1251
82.80,1251
83.40,1251
84.00,1251
84.60,1251
85.20,1251
85.80,1251
86.40,1251
87.00,1251
87.60,1251
88.20,1251
88.80,1251
89.40,1251
90.00,1251
90.60,1251
91.20,1462
91.80,1462
92.40,1462
93.00,1462
93.60,1462
94.20,1462
94.80,1462
95.40,1462
96.00,1462
96.60,1462
97.20,1462
97.80,1462
98.40,1462
99.00,1462
99.60,1462
100.20,1462
100.80,1462
101.40,1462
102.00,1462
102.60,1462
103.20,1462
103.80,1462
104.40,1462
105.00,1462
105.60,1462
106.20,1462
106.80,1462
107.40,1462
108.00,1462
108.60,1462
109.20,1462
109.80,1462
110.40,1462
111.00,1462
111.60,1462
112.20,1462
112.80,1462
113.40,1462
114.00,1462
114.60,1462
115.20,1462
115.80,1462
116.40,1462
117.00,1462
117.60,1462
118.20,1462
118.80,1462
119.40,1462
120.00,1462
120.60,1462
121.20,1462
121.80,1848
122.40,1848
123.00,1848
123.60,1848
124.20,1848
124.80,1848
125.40,1848
126.00,1848
126.60,1848
127.20,1848
127.80,1848
128.40,1848
129.00,1848
129.60,1848
130.20,1848
130.80,1848
131.40,1848
132.00,1848
132.60,1848
133.20,1848
133.80,1848
134.40,1848
135.00,1848
135.60,1848
136.20,1848
136.80,1848
137.40,1848
138.00,1848
138.60,1848
139.20,1848
139.80,1848
140.40,1848
141.00,1848
141.60,1848
142.20,1848
142.80,1848
143.40,1848
144.00,1848
144.60,1848
145.20,1848
145.80,1848
146.40,1848
147.00,1789
147.60,1789
148.20,1789
148.80,1789
149.40,1789
150.00,1789
150.60,1789
151.20,1789
151.80,1789
152.40,1789
153.00,1789
153.60,1789
154.20,1789
154.80,1789
155.40,1789
156.00,1789
156.60,1789
157.20,1789
157.80,1789
158.40,1789
159.00,1789
159.60,1789
160.20,1789
160.80,1789
161.40,1789
162.00,1789
162.60,1789
163.20,1789
163.80,1789
164.40,1789
165.00,1789
165.60,1789
166.20,1789
166.80,1789
167.40,1789
168.00,1789
168.60,1789
169.20,1789
169.80,1789
170.40,1789
171.00,1789
171.60,1789
172.20,1789
172.80,71
173.40,71
174.00,71
174.60,71
175.20,71
175.80,71
176.40,71
177.00,71
177.60,71
178.20,71
178.80,71
179.40,71
180.00,71
180.60,71
181.20,71
181.80,71
182.40,71
183.00,71
183.60,71
184.20,71
184.80,71
185.40,71
186.00,71
186.60,71
187.20,71
187.80,71
188.40,71
189.00,71
189.60,71
190.20,71
190.80,71
191.40,71
192.00,71
192.60,71
193.20,71
193.80,71
194.40,71
195.00,71
195.60,71
196.20,71
196.80,71
197.40,71
198.00,71
198.60,3477
199.20,3477
199.80,3477
200.40,3477
201.00,3477
201.60,3477
202.20,3477
202.80,3477
203.40,3477
204.00,3477
204.60,3477
205.20,3477
205.80,3477
206.40,3477
207.00,3477
207.60,3477
208.20,3477
208.80,3477
209.40,3477
210.00,3477
210.60,3477
211.20,3477
211.80,3477
212.40,3477
213.00,3477
213.60,3477
214.20,3477
214.80,3477
215.40,3477
216.00,3477
216.60,3477
217.20,3477
217.80,3477
218.40,3477
219.00,2641
219.60,2641
220.20,2641
220.80,2641
221.40,2641
222.00,2641
222.60,2641
223.20,2641
223.80,2641
224.40,2641
225.00,2641
225.60,2641
226.20,2641
226.80,2641
227.40,2641
228.00,2641
228.60,2641
229.20,2641
229.80,2641
230.40,2641
231.00,2641
231.60,2641
232.20,2641
232.80,2641
233.40,2641
234.00,2641
234.60,2641
235.20,2641
235.80,2641
236.40,2641
237.00,2641
237.60,2641
238.20,2641
238.80,2641
239.40,2641
240.00,2641
240.60,2641
241.20,2641
241.80,2641
242.40,2641
243.00,2641
243.60,2641
244.20,4065
244.80,4065
245.40,4065
246.00,4065
246.60,4065
247.20,4065
247.80,4065
248.40,4065
249.00,4065
249.60,4065
250.20,4065
250.80,4065
251.40,4065
252.00,4065
252.60,4065
253.20,4065
253.80,4065
254.40,4065
255.00,4065
255.60,4065
256.20,4065
256.80,4065
257.40,4065
258.00,4065
258.60,4065
259.20,4065
259.80,4065
260.40,4065
261.00,4065
261.60,4065
262.20,4065
262.80,4065
263.40,4065
264.00,4065
264.60,4065
265.20,4065
265.80,4065
266.40,4065
267.00,4065
267.60,4065
268.20,4065
268.80,4065
269.40,1390
270.00,1390
270.60,1390
271.20,1390
271.80,1390
272.40,1390
273.00,1390
273.60,1390
274.20,1390
274.80,1390
275.40,1390
276.00,1390
276.60,1390
277.20,1390
277.80,1390
278.40,1390
279.00,1390
279.60,1390
280.20,1390
280.80,1390
281.40,1390
282.00,1390
282.60,1390
283.20,1390
283.80,1390
284.40,1390
285.00,1390
285.60,1390
286.20,1390
286.80,1390
287.40,1390
288.00,1390
288.60,1390
289.20,1390
289.80,1390
290.40,1390
291.00,1390
291.60,1390
292.20,1390
292.80,1390
293.40,1390
294.00,1390
294.60,1600
295.20,1600
295.80,1600
296.40,1600
297.00,1600
297.60,1600
298.20,1600
298.80,1600
299.40,1600
300.00,1600
300.60,1600
301.20,1600
301.80,1600
302.40,1600
303.00,1600
303.60,1600
304.20,1600
304.80,1600
305.40,1600
306.00,1600
306.60,1600
307.20,1600
307.80,1600
308.40,1600
309.00,1600
309.60,1600
310.20,1600
310.80,1600
311.40,1600
312.00,1600
312.60,1600
313.20,1600
313.80,1600
314.40,1600
315.00,1600
315.60,1600
316.20,1600
0.00,1600
0.60,1600
1.20,1600
1.80,1600
2.40,1600
3.00,1600
3.60,1583
4.20,1583
4.80,1583
5.40,1583
6.00,1583
6.60,1583
7.20,1583
7.80,1583
8.40,1583
9.00,1583
9.60,1583
10.20,1583
10.80,1583
11.40,1583
12.00,1583
12.60,1583
13.20,1583
13.80,1583
14.40,1583
15.00,1583
15.60,1583
16.20,1583
16.80,1583
17.40,1583
18.00,1583
18.60,1583
19.20,1583
19.80,1583
20.40,1583
21.00,1583
21.60,1583
22.20,1583
22.80,1583
23.40,1583
24.00,1583
24.60,1583
25.20,1583
25.80,1583
26.40,1583
27.00,1583
27.60,1583
28.20,1583
28.80,1583
29.40,1925
30.00,1925
30.60,1925
31.20,1925
31.80,1925
32.40,1925
33.00,1925
33.60,1925
34.20,1925
34.80,1925
35.40,1925
36.00,1925
36.60,1925
37.20,1925
37.80,1925
38.40,1925
39.00,1925
39.60,1925
40.20,1925
40.80,1925
41.40,1925
42.00,1925
42.60,1925
43.20,1925
43.80,1925
44.40,1925
45.00,1925
45.60,1925
46.20,1925
46.80,1925
47.40,1925
48.00,1925
48.60,1925
49.20,1925
49.80,1925
50.40,1925
51.00,1925
51.60,1925
52.20,1925
52.80,1925
53.40,1925
54.00,1925
54.60,1925
55.20,1597
55.80,1597
56.40,1597
57.00,1597
57.60,1597
58.20,1597
58.80,1597
59.40,1597
60.00,1597
60.60,1597
61.20,1597
61.80,1597
62.40,1597
63.00,1597
63.60,1597
64.20,1597
64.80,1597
65.40,1597
66.00,1597
66.60,1597
67.20,1597
67.80,1597
68.40,1597
69.00,1597
69.60,1597
70.20,1597
70.80,1597
71.40,1597
72.00,1597
72.60,1597
73.20,1597
73.80,1597
74.40,1597
75.00,1597
75.60,1597
76.20,1597
76.80,1597
77.40,1597
78.00,1597
78.60,1597
79.20,1597
79.80,1597
80.40,1597
81.00,1284
81.60,1284
82.20,1284
82.80,1284
83.40,1284
84.00,1284
84.60,1284
85.20,1284
85.80,1284
86.40,1284
87.00,1284
87.60,1284
88.20,1284
88.80,1284
89.40,1284
90.00,1284
90.60,1284
91.20,1284
91.80,1284
92.40,1284
93.00,1284
93.60,1284
94.20,1284
94.80,1284
95.40,1284
96.00,1284
96.60,1284
97.20,1284
97.80,1284
98.40,1284
99.00,1284
99.60,1284
100.20,1284
100.80,1284
101.40,1284
102.00,1284
102.60,1284
103.20,1284
103.80,1284
104.40,1284
105.00,1284
105.60,1284
106.20,1284
106.80,1284
107.40,1284
108.00,1284
108.60,1284
109.20,1284
109.80,1284
110.40,1284
111.00,1284
111.60,1820
112.20,1820
112.80,1820
113.40,1820
114.00,1820
114.60,1820
115.20,1820
115.80,1820
116.40,1820
117.00,1820
117.60,1820
118.20,1820
118.80,1820
119.40,1820
120.00,1820
120.60,1820
121.20,1820
121.80,1820
122.40,1820
123.00,1820
123.60,1820
124.20,1820
124.80,1820
125.40,1820
126.00,1820
126.60,1820
127.20,1820
127.80,1820
128.40,1820
129.00,1820
129.60,1820
130.20,1820
130.80,1820
131.40,1820
132.00,1820
132.60,1820
133.20,1820
133.80,1820
134.40,1820
135.00,1820
135.60,1820
136.20,1820
136.80,2120
137.40,2120
138.00,2120
138.60,2120
139.20,2120
139.80,2120
140.40,2120
141.00,2120
141.60,2120
142.20,2120
142.80,2120
143.40,2120
144.00,2120
144.60,2120
145.20,2120
145.80,2120
146.40,2120
147.00,2120
147.60,2120
148.20,2120
148.80,2120
149.40,2120
150.00,2120
150.60,2120
151.20,2120
151.80,2120
152.40,2120
153.00,2120
153.60,2120
154.20,2120
154.80,2120
155.40,2120
156.00,2120
156.60,2120
157.20,2120
157.80,2120
158.40,2120
159.00,2120
159.60,2120
160.20,2120
160.80,2120
161.40,2120
162.00,2120
162.60,65
163.20,65
163.80,65
164.40,65
165.00,65
165.60,65
166.20,65
166.80,65
167.40,65
168.00,65
168.60,65
169.20,65
169.80,65
170.40,65
171.00,65
171.60,65
172.20,65
172.80,65
173.40,65
174.00,65
174.60,65
175.20,65
175.80,65
176.40,65
177.00,65
177.60,65
178.20,65
178.80,65
179.40,65
180.00,65
180.60,65
181.20,65
181.80,65
182.40,65
183.00,65
183.60,65
184.20,65
184.80,65
185.40,65
186.00,65
186.60,65
187.20,65
187.80,65
188.40,2216
189.00,2216
189.60,2216
190.20,2216
190.80,2216
191.40,2216
192.00,2216
192.60,2216
193.20,2216
193.80,2216
194.40,2216
195.00,2216
195.60,2216
196.20,2216
196.80,2216
197.40,2216
198.00,2216
198.60,2216
199.20,2216
199.80,2216
200.40,2216
201.00,2216
201.60,2216
202.20,2216
202.80,2216
203.40,2216
204.00,2216
204.60,2216
205.20,2216
205.80,2216
206.40,2216
207.00,2216
207.60,2216
208.20,2216
208.80,2352
209.40,2352
210.00,2352
210.60,2352
211.20,2352
211.80,2352
212.40,2352
213.00,2352
213.60,2352
214.20,2352
214.80,2352
215.40,2352
216.00,2352
216.60,2352
217.20,2352
217.80,2352
218.40,2352
219.00,2352
219.60,2352
220.20,2352
220.80,2352
221.40,2352
222.00,2352
222.60,2352
223.20,2352
223.80,2352
224.40,2352
225.00,2352
225.60,2352
226.20,2352
226.80,2352
227.40,2352
228.00,2352
228.60,2352
229.20,2352
229.80,2352
230.40,2352
231.00,2352
231.60,2352
232.20,2352
232.80,2352
233.40,2352
234.00,3952
234.60,3952
235.20,3952
235.80,3952
236.40,3952
237.00,3952
237.60,3952
238.20,3952
238.80,3952
239.40,3952
240.00,3952
240.60,3952
241.20,3952
241.80,3952
242.40,3952
243.00,3952
243.60,3952
244.20,3952
244.80,3952
245.40,3952
246.00,3952
246.60,3952
247.20,3952
247.80,3952
248.40,3952
249.00,3952
249.60,3952
250.20,3952
250.80,3952
251.40,3952
252.00,3952
252.60,3952
253.20,3952
253.80,3952
254.40,3952
255.00,3952
255.60,3952
256.20,3952
256.80,3952
257.40,3952
258.00,3952
258.60,3952
259.20,3411
259.80,3411
260.40,3411
261.00,3411
261.60,3411
262.20,3411
262.80,3411
263.40,3411
264.00,3411
264.60,3411
265.20,3411
265.80,3411
266.40,3411
267.00,3411
267.60,3411
268.20,3411
268.80,3411
269.40,3411
270.00,3411
270.60,3411
271.20,3411
154.20,3411
154.80,3411
155.40,3411
156.00,3411
156.60,3411
157.20,3411
157.80,3411
158.40,3411
159.00,3411
159.60,3411
160.20,3411
160.80,3411
161.40,3411
162.00,3411
162.60,3411
163.20,3411
163.80,3411
164.40,3411
165.00,3411
165.60,3411
166.20,3411
166.80,1760
167.40,1760
168.00,1760
168.60,1760
169.20,1760
169.80,1760
170.40,1760
171.00,1760
171.60,1760
172.20,1760
172.80,1760
173.40,1760
174.00,1760
174.60,1760
175.20,1760
175.80,1760
176.40,1760
177.00,1760
177.60,1760
178.20,1760
178.80,1760
179.40,1760
180.00,1760
180.60,1760
181.20,1760
181.80,1760
182.40,1760
183.00,1760
183.60,1760
184.20,1760
184.80,1760
185.40,1760
186.00,1760
186.60,1760
187.20,1760
187.80,1760
188.40,1760
189.00,1760
189.60,1760
190.20,1760
190.80,1760
191.40,1760
192.00,1157
192.60,1157
193.20,1157
193.80,1157
194.40,1157
195.00,1157
195.60,1157
196.20,1157
196.80,1157
197.40,1157
198.00,1157
198.60,1157
0.00,1157
0.60,1157
1.20,1157
1.80,1157
2.40,1157
3.00,1157
3.60,1157
4.20,1157
4.80,1157
5.40,1157
6.00,1157
6.60,1157
7.20,1157
7.80,1157
8.40,1157
9.00,1157
9.60,1157
10.20,1157
10.80,1157
11.40,1157
12.00,1157
12.60,1157
13.20,1157
13.80,1157
14.40,1157
15.00,1157
15.60,1157
16.20,1157
16.80,1157
17.40,1157
18.00,1157
18.60,1157
19.20,1685
19.80,1685
20.40,1685
21.00,1685
21.60,1685
22.20,1685
22.80,1685
23.40,1685
24.00,1685
24.60,1685
25.20,1685
25.80,1685
26.40,1685
27.00,1685
27.60,1685
28.20,1685
28.80,1685
29.40,1685
30.00,1685
30.60,1685
31.20,1685
31.80,1685
32.40,1685
33.00,1685
33.60,1685
34.20,1685
34.80,1685
35.40,1685
36.00,1685
36.60,1685
37.20,1685
37.80,1685
38.40,1685
39.00,1685
39.60,1685
40.20,1685
40.80,1685
41.40,1685
42.00,1685
42.60,1685
43.20,1685
43.80,1685
44.40,1685
45.00,1834
45.60,1834
46.20,1834
46.80,1834
47.40,1834
48.00,1834
48.60,1834
49.20,1834
49.80,1834
50.40,1834
51.00,1834
51.60,1834
52.20,1834
52.80,1834
53.40,1834
54.00,1834
54.60,1834
55.20,1834
55.80,1834
56.40,1834
57.00,1834
57.60,1834
58.20,1834
58.80,1834
59.40,1834
60.00,1834
60.60,1834
61.20,1834
61.80,1834
62.40,1834
63.00,1834
63.60,1834
64.20,1834
64.80,1834
65.40,1834
66.00,1834
66.60,1834
67.20,1834
67.80,1834
68.40,1834
69.00,1834
69.60,1834
70.20,1834
70.80,1080
71.40,1080
72.00,1080
72.60,1080
73.20,1080
73.80,1080
74.40,1080
75.00,1080
75.60,1080
76.20,1080
76.80,1080
77.40,1080
78.00,1080
78.60,1080
79.20,1080
79.80,1080
80.40,1080
81.00,1080
81.60,1080
82.20,1080
82.80,1080
83.40,1080
84.00,1080
84.60,1080
85.20,1080
85.80,1080
86.40,1080
87.00,1080
87.60,1080
88.20,1080
88.80,1080
89.40,1080
90.00,1080
90.60,1080
91.20,1080
91.80,1080
92.40,1080
93.00,1080
93.60,1080
94.20,1080
94.80,1080
95.40,1080
96.00,1080
96.60,1451
97.20,1451
97.80,1451
98.40,1451
99.00,1451
99.60,1451
100.20,1451
100.80,1451
101.40,1451
102.00,1451
102.60,1451
103.20,1451
103.80,1451
104.40,1451
105.00,1451
105.60,1451
106.20,1451
106.80,1451
107.40,1451
108.00,1451
108.60,1451
109.20,1451
109.80,1451
110.40,1451
111.00,1451
111.60,1451
112.20,1451
112.80,1451
113.40,1451
114.00,1451
114.60,1451
115.20,1451
115.80,1451
116.40,1451
117.00,1451
117.60,1451
118.20,1451
118.80,1451
119.40,1451
120.00,1451
120.60,1451
121.20,1451
121.80,1451
122.40,1451
123.00,1451
123.60,1451
124.20,1451
124.80,1451
125.40,1451
126.00,1451
126.60,1941
127.20,1941
127.80,1941
128.40,1941
129.00,1941
129.60,1941
130.20,1941
130.80,1941
131.40,1941
132.00,1941
132.60,1941
133.20,1941
133.80,1941
134.40,1941
135.00,1941
135.60,1941
136.20,1941
136.80,1941
137.40,1941
138.00,1941
138.60,1941
139.20,1941
139.80,1941
140.40,1941
141.00,1941
141.60,1941
142.20,1941
142.80,1941
143.40,1941
144.00,1941
144.60,1941
145.20,1941
145.80,1941
146.40,1941
147.00,1941
147.60,1941
148.20,1941
148.80,1941
149.40,1941
150.00,1941
150.60,1941
151.20,1941
151.80,598
152.40,598
153.00,598
153.60,598
154.20,598
154.80,598
155.40,598
156.00,598
156.60,598
157.20,598
157.80,598
158.40,598
159.00,598
159.60,598
160.20,598
160.80,598
161.40,598
162.00,598
162.60,598
163.20,598
163.80,598
164.40,598
165.00,598
165.60,598
166.20,598
166.80,598
167.40,598
168.00,598
168.60,598
169.20,598
169.80,598
170.40,598
171.00,598
171.60,598
172.20,598
172.80,598
173.40,598
174.00,598
174.60,598
175.20,598
175.80,598
176.40,598
177.00,598
177.60,598
178.20,760
178.80,760
179.40,760
180.00,760
180.60,760
181.20,760
181.80,760
182.40,760
183.00,760
183.60,760
184.20,760
184.80,760
185.40,760
186.00,760
186.60,760
187.20,760
187.80,760
188.40,760
189.00,760
189.60,760
190.20,760
190.80,760
191.40,760
192.00,760
192.60,760
193.20,760
193.80,760
194.40,760
195.00,760
195.60,760
196.20,760
196.80,760
197.40,760
198.00,760
198.60,3416
199.20,3416
199.80,3416
200.40,3416
201.00,3416
201.60,3416
202.20,3416
202.80,3416
203.40,3416
204.00,3416
204.60,3416
205.20,3416
205.80,3416
206.40,3416
207.00,3416
207.60,3416
208.20,3416
208.80,3416
209.40,3416
210.00,3416
210.60,3416
211.20,3416
211.80,3416
212.40,3416
213.00,3416
213.60,3416
214.20,3416
214.80,3416
215.40,3416
216.00,3416
216.60,3416
217.20,3416
217.80,3416
218.40,3416
219.00,3416
219.60,3416
220.20,3416
220.80,3416
221.40,3416
222.00,3416
222.60,3416
223.20,3416
223.80,2987
224.40,2987
225.00,2987
225.60,2987
226.20,2987
226.80,2987
227.40,2987
228.00,2987
228.60,2987
229.20,2987
229.80,2987
230.40,2987
231.00,2987
231.60,2987
232.20,2987
232.80,2987
233.40,2987
234.00,2987
234.60,2987
235.20,2987
235.80,2987
236.40,2987
237.00,2987
237.60,2987
238.20,2987
238.80,2987
239.40,2987
240.00,2987
240.60,2987
241.20,2987
241.80,2987
242.40,2987
243.00,2987
243.60,2987
244.20,2987
244.80,2987
245.40,2987
246.00,2987
246.60,2987
247.20,2987
247.80,2987
248.40,2987
249.00,4143
249.60,4143
250.20,4143
250.80,4143
251.40,4143
252.00,4143
252.60,4143
253.20,4143
253.80,4143
254.40,4143
255.00,4143
255.60,4143
256.20,4143
256.80,4143
257.40,4143
258.00,4143
258.60,4143
259.20,4143
259.80,4143
260.40,4143
261.00,4143
261.60,4143
262.20,4143
262.80,4143
263.40,4143
264.00,4143
264.60,4143
265.20,4143
265.80,4143
266.40,4143
267.00,4143
267.60,4143
268.20,4143
268.80,4143
269.40,4143
270.00,4143
270.60,4143
271.20,4143
271.80,4143
272.40,4143
273.00,4143
273.60,4143
274.20,1642
274.80,1642
275.40,1642
276.00,1642
276.60,1642
277.20,1642
277.80,1642
278.40,1642
279.00,1642
279.60,1642
280.20,1642
280.80,1642
281.40,1642
282.00,1642
282.60,1642
283.20,1642
283.80,1642
284.40,1642
285.00,1642
285.60,1642
286.20,1642
286.80,1642
287.40,1642
288.00,1642
288.60,1642
289.20,1642
289.80,1642
290.40,1642
291.00,1642
291.60,1642
292.20,1642
292.80,1642
293.40,1642
294.00,1642
294.60,1642
295.20,1642
295.80,1642
296.40,1642
297.00,1642
297.60,1642
298.20,1642
298.80,1642
299.40,1733
300.00,1733
300.60,1733
301.20,1733
301.80,1733
302.40,1733
303.00,1733
303.60,1733
304.20,1733
304.80,1733
305.40,1733
306.00,1733
306.60,1733
307.20,1733
307.80,1733
308.40,1733
309.00,1733
309.60,1733
310.20,1733
310.80,1733
311.40,1733
312.00,1733
312.60,1733
313.20,1733
313.80,1733
314.40,1733
315.00,1733
315.60,1733
316.20,1733
316.80,1733
317.40,1733
0.00,1733
0.60,1733
1.20,1733
1.80,1733
2.40,1733
3.00,1733
3.60,1733
4.20,1733
4.80,1733
5.40,1733
6.00,1733
6.60,1733
7.20,1829
7.80,1829
8.40,1829
9.00,1829
9.60,1829
10.20,1829
10.80,1829
11.40,1829
12.00,1829
12.60,1829
13.20,1829
13.80,1829
14.40,1829
15.00,1829
15.60,1829
16.20,1829
16.80,1829
17.40,1829
18.00,1829
18.60,1829
19.20,1829
19.80,1829
20.40,1829
21.00,1829
21.60,1829
22.20,1829
22.80,1829
23.40,1829
24.00,1829
24.60,1829
25.20,1829
25.80,1829
26.40,1829
27.00,1829
27.60,1829
28.20,1829
28.80,1829
29.40,1829
30.00,1829
30.60,1829
31.20,1829
31.80,1829
32.40,1829
33.00,1984
33.60,1984
34.20,1984
34.80,1984
35.40,1984
36.00,1984
36.60,1984
37.20,1984
37.80,1984
38.40,1984
39.00,1984
39.60,1984
40.20,1984
40.80,1984
41.40,1984
42.00,1984
42.60,1984
43.20,1984
43.80,1984
44.40,1984
45.00,1984
45.60,1984
46.20,1984
46.80,1984
47.40,1984
48.00,1984
48.60,1984
49.20,1984
49.80,1984
50.40,1984
51.00,1984
51.60,1984
52.20,1984
52.80,1984
53.40,1984
54.00,1984
54.60,1984
55.20,1984
55.80,1984
56.40,1984
57.00,1984
57.60,1984
58.20,1984
58.80,1359
59.40,1359
60.00,1359
60.60,1359
61.20,1359
61.80,1359
62.40,1359
63.00,1359
63.60,1359
64.20,1359
64.80,1359
65.40,1359
66.00,1359
66.60,1359
67.20,1359
67.80,1359
68.40,1359
69.00,1359
69.60,1359
70.20,1359
70.80,1359
71.40,1359
72.00,1359
72.60,1359
73.20,1359
73.80,1359
74.40,1359
75.00,1359
75.60,1359
76.20,1359
76.80,1359
77.40,1359
78.00,1359
78.60,1359
79.20,1359
79.80,1359
80.40,1359
81.00,1359
81.60,1359
82.20,1359
82.80,1359
83.40,1359
84.00,1359
84.60,1285
85.20,1285
85.80,1285
86.40,1285
87.00,1285
87.60,1285
88.20,1285
88.80,1285
89.40,1285
90.00,1285
90.60,1285
91.20,1285
91.80,1285
92.40,1285
93.00,1285
93.60,1285
94.20,1285
94.80,1285
95.40,1285
96.00,1285
96.60,1285
97.20,1285
97.80,1285
98.40,1285
99.00,1285
99.60,1285
100.20,1285
100.80,1285
101.40,1285
102.00,1285
102.60,1285
103.20,1285
103.80,1285
104.40,1285
105.00,1285
105.60,1285
106.20,1285
106.80,1285
107.40,1285
108.00,1285
108.60,1285
109.20,1285
109.80,1285
110.40,1285
111.00,1285
111.60,1285
112.20,1285
112.80,1285
113.40,1285
114.00,1285
114.60,1285
115.20,1838
115.80,1838
116.40,1838
117.00,1838
117.60,1838
118.20,1838
118.80,1838
119.40,1838
120.00,1838
120.60,1838
121.20,1838
121.80,1838
122.40,1838
123.00,1838
123.60,1838
124.20,1838
124.80,1838
125.40,1838
126.00,1838
126.60,1838
127.20,1838
127.80,1838
128.40,1838
129.00,1838
129.60,1838
130.20,1838
130.80,1838
131.40,1838
132.00,1838
132.60,1838
133.20,1838
133.80,1838
134.40,1838
135.00,1838
135.60,1838
136.20,1838
136.80,1838
137.40,1838
138.00,1838
138.60,1838
139.20,1838
139.80,1838
140.40,2020
141.00,2020
141.60,2020
142.20,2020
142.80,2020
143.40,2020
144.00,2020
144.60,2020
145.20,2020
145.80,2020
146.40,2020
147.00,2020
147.60,2020
148.20,2020
148.80,2020
149.40,2020
150.00,2020
150.60,2020
151.20,2020
151.80,2020
152.40,2020
153.00,2020
153.60,2020
154.20,2020
154.80,2020
155.40,2020
156.00,2020
156.60,2020
157.20,2020
157.80,2020
158.40,2020
159.00,2020
159.60,2020
160.20,2020
160.80,2020
161.40,2020
162.00,2020
162.60,2020
163.20,2020
163.80,2020
164.40,2020
165.00,2020
165.60,2020
166.20,65
166.80,65
167.40,65
168.00,65
168.60,65
169.20,65
169.80,65
170.40,65
171.00,65
171.60,65
172.20,65
172.80,65
173.40,65
174.00,65
174.60,65
175.20,65
175.80,65
176.40,65
177.00,65
177.60,65
178.20,65
178.80,65
179.40,65
180.00,65
180.60,65
181.20,65
181.80,65
182.40,65
183.00,65
183.60,65
184.20,65
184.80,65
185.40,65
186.00,65
186.60,65
187.20,65
187.80,65
188.40,65
189.00,65
189.60,65
190.20,65
190.80,65
191.40,65
192.00,2921
192.60,2921
193.20,2921
193.80,2921
194.40,2921
195.00,2921
195.60,2921
196.20,2921
196.80,2921
197.40,2921
198.00,2921
198.60,2921
199.20,2921
199.80,2921
200.40,2921
201.00,2921
201.60,2921
202.20,2921
202.80,2921
203.40,2921
204.00,2921
204.60,2921
205.20,2921
205.80,2921
206.40,2921
207.00,2921
207.60,2921
208.20,2921
208.80,2921
209.40,2921
210.00,2921
210.60,2921
211.20,2921
211.80,2921
212.40,2282
213.00,2282
213.60,2282
214.20,2282
214.80,2282
215.40,2282
216.00,2282
216.60,2282
217.20,2282
217.80,2282
218.40,2282
219.00,2282
219.60,2282
220.20,2282
220.80,2282
221.40,2282
222.00,2282
222.60,2282
223.20,2282
223.80,2282
224.40,2282
225.00,2282
225.60,2282
226.20,2282
226.80,2282
227.40,2282
228.00,2282
228.60,2282
229.20,2282
229.80,2282
230.40,2282
231.00,2282
231.60,2282
232.20,2282
232.80,2282
233.40,2282
234.00,2282
234.60,2282
235.20,2282
235.80,2282
236.40,2282
237.00,2282
237.60,3969
238.20,3969
238.80,3969
239.40,3969
240.00,3969
240.60,3969
241.20,3969
241.80,3969
242.40,3969
243.00,3969
243.60,3969
244.20,3969
244.80,3969
245.40,3969
246.00,3969
246.60,3969
247.20,3969
247.80,3969
248.40,3969
249.00,3969
249.60,3969
250.20,3969
250.80,3969
251.40,3969
252.00,3969
252.60,3969
253.20,3969
253.80,3969
254.40,3969
255.00,3969
255.60,3969
256.20,3969
256.80,3969
257.40,3969
258.00,3969
258.60,3969
259.20,3969
259.80,3969
260.40,3969
261.00,3969
261.60,3969
262.20,3969
262.80,2106
263.40,2106
264.00,2106
264.60,2106
265.20,2106
265.80,2106
266.40,2106
267.00,2106
267.60,2106
268.20,2106
268.80,2106
269.40,2106
270.00,2106
270.60,2106
271.20,2106
271.80,2106
272.40,2106
273.00,2106
273.60,2106
274.20,2106
274.80,2106
275.40,2106
276.00,2106
276.60,2106
277.20,2106
277.80,2106
278.40,2106
279.00,2106
279.60,2106
280.20,2106
280.80,2106
281.40,2106
282.00,2106
282.60,2106
283.20,2106
283.80,2106
284.40,2106
285.00,2106
285.60,2106
286.20,2106
286.80,2106
287.40,2106
288.00,1592
288.60,1592
289.20,1592
289.80,1592
290.40,1592
291.00,1592
291.60,1592
292.20,1592
292.80,1592
293.40,1592
294.00,1592
294.60,1592
295.20,1592
295.80,1592
296.40,1592
297.00,1592
297.60,1592
298.20,1592
298.80,1592
299.40,1592
300.00,1592
300.60,1592
301.20,1592
301.80,1592
302.40,1592
303.00,1592
303.60,1592
304.20,1592
304.80,1592
305.40,1592
306.00,1592
306.60,1592
307.20,1592
307.80,1592
308.40,1592
309.00,1592
309.60,1592
310.20,1592
310.80,1592
311.40,1592
312.00,1592
312.60,1592
313.20,1282
313.80,1282
314.40,1282
0.00,1282
0.60,1282
1.20,1282
1.80,1282
2.40,1282
3.00,1282
3.60,1282
4.20,1282
4.80,1282
5.40,1282
6.00,1282
6.60,1282
7.20,1282
7.80,1282
8.40,1282
9.00,1282
9.60,1282
10.20,1282
10.80,1282
11.40,1282
12.00,1282
12.60,1282
13.20,1282
13.80,1282
14.40,1282
15.00,1282
15.60,1282
16.20,1282
16.80,1282
17.40,1282
18.00,1282
18.60,1282
19.20,1282
19.80,1282
20.40,1282
21.00,1282
21.60,1282
22.20,1282
22.80,1282
23.40,1282
24.00,1282
24.60,1866
25.20,1866
25.80,1866
26.40,1866
27.00,1866
27.60,1866
28.20,1866
28.80,1866
29.40,1866
30.00,1866
30.60,1866
31.20,1866
31.80,1866
32.40,1866
33.00,1866
33.60,1866
34.20,1866
34.80,1866
35.40,1866
36.00,1866
36.60,1866
37.20,1866
37.80,1866
38.40,1866
39.00,1866
39.60,1866
40.20,1866
40.80,1866
41.40,1866
42.00,1866
42.60,1866
43.20,1866
43.80,1866
44.40,1866
45.00,1866
45.60,1866
46.20,1866
46.80,1866
47.40,1866
48.00,1866
48.60,1866
49.20,1866
49.80,1866
50.40,1846
51.00,1846
51.60,1846
52.20,1846
52.80,1846
53.40,1846
54.00,1846
54.60,1846
55.20,1846
55.80,1846
56.40,1846
57.00,1846
57.60,1846
58.20,1846
58.80,1846
59.40,1846
60.00,1846
60.60,1846
61.20,1846
61.80,1846
62.40,1846
63.00,1846
63.60,1846
64.20,1846
64.80,1846
65.40,1846
66.00,1846
66.60,1846
67.20,1846
67.80,1846
68.40,1846
69.00,1846
69.60,1846
70.20,1846
70.80,1846
71.40,1846
72.00,1846
72.60,1846
73.20,1846
73.80,1846
74.40,1846
75.00,1846
75.60,1846
76.20,1300
76.80,1300
77.40,1300
78.00,1300
78.60,1300
79.20,1300
79.80,1300
80.40,1300
81.00,1300
81.60,1300
82.20,1300
82.80,1300
83.40,1300
84.00,1300
84.60,1300
85.20,1300
85.80,1300
86.40,1300
87.00,1300
87.60,1300
88.20,1300
88.80,1300
89.40,1300
90.00,1300
90.60,1300
91.20,1300
91.80,1300
92.40,1300
93.00,1300
93.60,1300
94.20,1300
94.80,1300
95.40,1300
96.00,1300
96.60,1300
97.20,1300
97.80,1300
98.40,1300
99.00,1300
99.60,1300
100.20,1300
100.80,1300
101.40,1300
102.00,1669
102.60,1669
103.20,1669
103.80,1669
104.40,1669
105.00,1669
105.60,1669
106.20,1669
106.80,1669
107.40,1669
108.00,1669
108.60,1669
109.20,1669
109.80,1669
110.40,1669
111.00,1669
111.60,1669
112.20,1669
112.80,1669
113.40,1669
114.00,1669
114.60,1669
115.20,1669
115.80,1669
116.40,1669
117.00,1669
117.60,1669
118.20,1669
118.80,1669
119.40,1669
120.00,1669
120.60,1669
121.20,1669
121.80,1669
122.40,1669
123.00,1669
123.60,1669
124.20,1669
124.80,1669
125.40,1669
126.00,1669
126.60,1669
127.20,1669
127.80,1669
128.40,1669
129.00,1669
129.60,1669
130.20,1669
130.80,1669
131.40,1669
132.00,2113
132.60,2113
133.20,2113
133.80,2113
134.40,2113
135.00,2113
135.60,2113
136.20,2113
136.80,2113
137.40,2113
138.00,2113
138.60,2113
139.20,2113
139.80,2113
140.40,2113
141.00,2113
141.60,2113
142.20,2113
142.80,2113
143.40,2113
144.00,2113
144.60,2113
145.20,2113
145.80,2113
146.40,2113
147.00,2113
147.60,2113
148.20,2113
148.80,2113
149.40,2113
150.00,2113
150.60,2113
151.20,2113
151.80,2113
152.40,2113
153.00,2113
153.60,2113
154.20,2113
154.80,2113
155.40,2113
156.00,2113
156.60,2113
157.20,79
157.80,79
158.40,79
159.00,79
159.60,79
160.20,79
160.80,79
161.40,79
162.00,79
162.60,79
163.20,79
163.80,79
164.40,79
165.00,79
165.60,79
166.20,79
166.80,79
167.40,79
168.00,79
168.60,79
169.20,79
169.80,79
170.40,79
171.00,79
171.60,79
172.20,79
172.80,79
173.40,79
174.00,79
174.60,79
175.20,79
175.80,79
176.40,79
177.00,79
177.60,79
178.20,79
178.80,79
179.40,79
180.00,79
180.60,79
181.20,79
181.80,79
182.40,79
183.00,79
183.60,2000
184.20,2000
184.80,2000
185.40,2000
186.00,2000
186.60,2000
187.20,2000
187.80,2000
188.40,2000
189.00,2000
189.60,2000
190.20,2000
190.80,2000
191.40,2000
192.00,2000
192.60,2000
193.20,2000
193.80,2000
194.40,2000
195.00,2000
195.60,2000
196.20,2000
196.80,2000
197.40,2000
198.00,2000
198.60,2000
199.20,2000
199.80,2000
200.40,2000
201.00,2000
201.60,2000
202.20,2000
202.80,2000
203.40,2000
204.00,2675
204.60,2675
205.20,2675
205.80,2675
206.40,2675
207.00,2675
207.60,2675
208.20,2675
208.80,2675
209.40,2675
210.00,2675
210.60,2675
211.20,2675
211.80,2675
212.40,2675
213.00,2675
213.60,2675
214.20,2675
214.80,2675
215.40,2675
216.00,2675
216.60,2675
217.20,2675
217.80,2675
218.40,2675
219.00,2675
219.60,2675
220.20,2675
220.80,2675
221.40,2675
222.00,2675
222.60,2675
223.20,2675
223.80,2675
224.40,2675
225.00,2675
225.60,2675
226.20,2675
226.80,2675
227.40,2675
228.00,2675
228.60,2675
229.20,3757
229.80,3757
230.40,3757
231.00,3757
231.60,3757
232.20,3757
232.80,3757
233.40,3757
234.00,3757
234.60,3757
235.20,3757
235.80,3757
236.40,3757
237.00,3757
237.60,3757
238.20,3757
238.80,3757
239.40,3757
240.00,3757
240.60,3757
241.20,3757
241.80,3757
242.40,3757
243.00,3757
243.60,3757
244.20,3757
244.80,3757
245.40,3757
246.00,3757
246.60,3757
247.20,3757
247.80,3757
248.40,3757
249.00,3757
249.60,3757
250.20,3757
250.80,3757
251.40,3757
252.00,3757
252.60,3757
253.20,3757
253.80,3757
254.40,4115
154.20,4115
154.80,4115
155.40,4115
156.00,4115
156.60,4115
157.20,4115
157.80,4115
158.40,4115
159.00,4115
159.60,4115
160.20,4115
160.80,4115
161.40,4115
162.00,4115
162.60,4115
163.20,4115
163.80,4115
164.40,4115
165.00,4115
165.60,4115
166.20,4115
166.80,4115
167.40,4115
168.00,4115
168.60,4115
169.20,4115
169.80,4115
170.40,4115
171.00,4115
171.60,4115
172.20,4115
172.80,4115
173.40,4115
174.00,4115
174.60,4115
175.20,4115
175.80,4115
176.40,4115
177.00,4115
177.60,4115
178.20,4115
178.80,1718
179.40,1718
180.00,1718
180.60,1718
181.20,1718
181.80,1718
182.40,1718
183.00,1718
183.60,1718
184.20,1718
184.80,1718
185.40,1718
186.00,1718
186.60,1718
187.20,1718
187.80,1718
188.40,1718
189.00,1718
189.60,1718
190.20,1718
190.80,1718
191.40,1718
192.00,1718
192.60,1718
193.20,1718
193.80,1718
194.40,1718
195.00,1718
195.60,1718
196.20,1718
196.80,1718
197.40,1718
198.00,1718
198.60,1718
199.20,1718
199.80,1718
200.40,1718
201.00,1718
201.60,1718
202.20,1718
202.80,1718
203.40,1718
204.00,1161
204.60,1161
205.20,1161
205.80,1161
206.40,1161
207.00,1161
207.60,1161
208.20,1161
208.80,1161
209.40,1161
210.00,1161
210.60,1161
211.20,1161
211.80,1161
212.40,1161
213.00,1161
213.60,1161
214.20,1161
0.00,1161
0.60,1161
1.20,1161
1.80,1161
2.40,1161
3.00,1161
3.60,1161
4.20,1161
4.80,1161
5.40,1161
6.00,1161
6.60,1161
7.20,1161
7.80,1161
8.40,1161
9.00,1161
9.60,1161
10.20,1161
10.80,1161
11.40,1161
12.00,1161
12.60,1161
13.20,1161
13.80,1161
14.40,1161
15.00,1783
15.60,1783
16.20,1783
16.80,1783
17.40,1783
18.00,1783
18.60,1783
19.20,1783
19.80,1783
20.40,1783
21.00,1783
21.60,1783
22.20,1783
22.80,1783
23.40,1783
24.00,1783
24.60,1783
25.20,1783
25.80,1783
26.40,1783
27.00,1783
27.60,1783
28.20,1783
28.80,1783
29.40,1783
30.00,1783
30.60,1783
31.20,1783
31.80,1783
32.40,1783
33.00,1783
33.60,1783
0.60,1783
1.20,1783
1.80,1783
2.40,1783
3.00,1783
3.60,1783
4.20,1783
4.80,1783
5.40,1783
6.00,1783
6.60,1783
7.20,1783
7.80,2241
8.40,2241
9.00,2241
9.60,2241
10.20,2241
10.80,2241
11.40,2241
12.00,2241
12.60,2241
13.20,2241
13.80,2241
14.40,2241
15.00,2241
15.60,2241
16.20,2241
16.80,2241
17.40,2241
18.00,2241
18.60,2241
19.20,2241
19.80,2241
20.40,2241
21.00,2241
21.60,2241
22.20,2241
22.80,2241
23.40,2241
24.00,2241
24.60,2241
25.20,2241
25.80,2241
26.40,2241
27.00,2241
27.60,2241
28.20,2241
28.80,2241
29.40,2241
30.00,2241
30.60,2241
31.20,2241
31.80,2241
32.40,2241
33.00,2241
33.60,1326
34.20,1326
34.80,1326
35.40,1326
36.00,1326
36.60,1326
37.20,1326
37.80,1326
38.40,1326
39.00,1326
39.60,1326
40.20,1326
40.80,1326
41.40,1326
42.00,1326
42.60,1326
43.20,1326
43.80,1326
44.40,1326
45.00,1326
45.60,1326
46.20,1326
46.80,1326
47.40,1326
48.00,1326
48.60,1326
49.20,1326
49.80,1326
50.40,1326
51.00,1326
51.60,1326
52.20,1326
52.80,1326
53.40,1326
54.00,1326
54.60,1326
55.20,1326
55.80,1326
56.40,1326
57.00,1326
57.60,1326
58.20,1326
58.80,1326
59.40,1286
60.00,1286
60.60,1286
61.20,1286
61.80,1286
62.40,1286
63.00,1286
63.60,1286
64.20,1286
64.80,1286
65.40,1286
66.00,1286
66.60,1286
67.20,1286
67.80,1286
68.40,1286
69.00,1286
69.60,1286
70.20,1286
70.80,1286
71.40,1286
72.00,1286
72.60,1286
73.20,1286
73.80,1286
74.40,1286
75.00,1286
75.60,1286
76.20,1286
76.80,1286
77.40,1286
78.00,1286
78.60,1286
79.20,1286
79.80,1286
80.40,1286
81.00,1286
81.60,1286
82.20,1286
82.80,1286
83.40,1286
84.00,1286
84.60,1286
85.20,1286
85.80,1286
86.40,1286
87.00,1286
87.60,1286
88.20,1286
88.80,1286
89.40,1286
90.00,1876
90.60,1876
91.20,1876
91.80,1876
92.40,1876
93.00,1876
93.60,1876
94.20,1876
94.80,1876
95.40,1876
96.00,1876
96.60,1876
97.20,1876
97.80,1876
98.40,1876
99.00,1876
99.60,1876
100.20,1876
100.80,1876
101.40,1876
102.00,1876
102.60,1876
103.20,1876
103.80,1876
104.40,1876
105.00,1876
105.60,1876
106.20,1876
106.80,1876
107.40,1876
108.00,1876
108.60,1876
109.20,1876
109.80,1876
110.40,1876
111.00,1876
111.60,1876
112.20,1876
112.80,1876
113.40,1876
114.00,1876
114.60,1876
115.20,1876
115.80,1459
116.40,1459
117.00,1459
117.60,1459
118.20,1459
118.80,1459
119.40,1459
120.00,1459
120.60,1459
121.20,1459
121.80,1459
122.40,1459
123.00,1459
123.60,1459
124.20,1459
124.80,1459
125.40,1459
126.00,1459
126.60,1459
127.20,1459
127.80,1459
128.40,1459
129.00,1459
129.60,1459
130.20,1459
130.80,1459
131.40,1459
132.00,1459
132.60,1459
133.20,1459
133.80,1459
134.40,1459
135.00,1459
135.60,1459
136.20,1459
136.80,1459
137.40,1459
138.00,1459
138.60,1459
139.20,1459
139.80,1459
140.40,1459
141.00,76
141.60,76
142.20,76
142.80,76
143.40,76
144.00,76
144.60,76
145.20,76
145.80,76
146.40,76
147.00,76
147.60,76
148.20,76
148.80,76
149.40,76
150.00,76
150.60,76
151.20,76
151.80,76
152.40,76
153.00,76
153.60,76
154.20,76
154.80,76
155.40,76
156.00,76
156.60,76
157.20,76
157.80,76
158.40,76
159.00,76
159.60,76
160.20,76
160.80,76
161.40,76
162.00,76
162.60,76
163.20,76
163.80,76
164.40,76
165.00,76
165.60,76
166.20,76
166.80,76
167.40,3581
168.00,3581
168.60,3581
169.20,3581
169.80,3581
170.40,3581
171.00,3581
171.60,3581
172.20,3581
172.80,3581
173.40,3581
174.00,3581
174.60,3581
175.20,3581
175.80,3581
176.40,3581
177.00,3581
177.60,3581
178.20,3581
178.80,3581
179.40,3581
180.00,3581
180.60,3581
181.20,3581
181.80,3581
182.40,3581
183.00,3581
183.60,3581
184.20,3581
184.80,3581
185.40,3581
186.00,3581
186.60,3581
187.20,3581
187.80,3161
188.40,3161
189.00,3161
189.60,3161
190.20,3161
190.80,3161
191.40,3161
192.00,3161
192.60,3161
193.20,3161
193.80,3161
194.40,3161
195.00,3161
195.60,3161
196.20,3161
196.80,3161
197.40,3161
198.00,3161
198.60,3161
199.20,3161
199.80,3161
200.40,3161
201.00,3161
201.60,3161
202.20,3161
202.80,3161
203.40,3161
204.00,3161
204.60,3161
205.20,3161
205.80,3161
206.40,3161
207.00,3161
207.60,3161
208.20,3161
208.80,3161
209.40,3161
210.00,3161
210.60,3161
211.20,3161
211.80,3161
212.40,3161
213.00,4148
213.60,4148
214.20,4148
214.80,4148
215.40,4148
216.00,4148
216.60,4148
217.20,4148
217.80,4148
218.40,4148
219.00,4148
219.60,4148
154.20,4148
154.80,4148
155.40,4148
156.00,4148
156.60,4148
157.20,4148
157.80,4148
158.40,4148
159.00,4148
159.60,4148
160.20,4148
160.80,4148
161.40,4148
162.00,4148
162.60,4148
163.20,4148
163.80,4148
164.40,4148
165.00,4148
165.60,4148
166.20,4148
166.80,4148
167.40,4148
168.00,4148
168.60,4148
169.20,4148
169.80,4148
170.40,4148
171.00,4148
171.60,4148
172.20,1699
172.80,1699
173.40,1699
174.00,1699
174.60,1699
175.20,1699
175.80,1699
176.40,1699
177.00,1699
177.60,1699
178.20,1699
178.80,1699
179.40,1699
180.00,1699
180.60,1699
181.20,1699
181.80,1699
182.40,1699
183.00,1699
183.60,1699
184.20,1699
184.80,1699
185.40,1699
186.00,1699
186.60,1699
187.20,1699
187.80,1699
188.40,1699
189.00,1699
189.60,1699
190.20,1699
190.80,1699
191.40,1699
192.00,1699
192.60,1699
193.20,1699
193.80,1699
194.40,1699
195.00,1699
195.60,1699
196.20,1699
196.80,1699
197.40,1800
198.00,1800
198.60,1800
199.20,1800
199.80,1800
200.40,1800
201.00,1800
201.60,1800
202.20,1800
202.80,1800
203.40,1800
204.00,1800
204.60,1800
205.20,1800
205.80,1800
206.40,1800
207.00,1800
207.60,1800
208.20,1800
208.80,1800
209.40,1800
210.00,1800
210.60,1800
211.20,1800
211.80,1800
212.40,1800
213.00,1800
213.60,1800
214.20,1800
214.80,1800
215.40,1800
216.00,1800
0.00,1800
0.60,1800
1.20,1800
1.80,1800
2.40,1800
3.00,1800
3.60,1800
4.20,1800
4.80,1800
5.40,1800
6.00,1800
6.60,1695
7.20,1695
7.80,1695
8.40,1695
9.00,1695
9.60,1695
10.20,1695
10.80,1695
11.40,1695
12.00,1695
12.60,1695
13.20,1695
13.80,1695
14.40,1695
15.00,1695
15.60,1695
16.20,1695
16.80,1695
17.40,1695
18.00,1695
18.60,1695
19.20,1695
19.80,1695
20.40,1695
21.00,1695
21.60,1695
22.20,1695
22.80,1695
23.40,1695
24.00,1695
24.60,1695
25.20,1695
25.80,1695
26.40,1695
27.00,1695
27.60,1695
28.20,1695
28.80,1695
29.40,1695
30.00,1695
30.60,1695
31.20,1695
31.80,1695
32.40,1887
33.00,1887
33.60,1887
34.20,1887
34.80,1887
35.40,1887
36.00,1887
36.60,1887
37.20,1887
37.80,1887
38.40,1887
39.00,1887
39.60,1887
40.20,1887
40.80,1887
41.40,1887
42.00,1887
42.60,1887
43.20,1887
43.80,1887
44.40,1887
45.00,1887
45.60,1887
46.20,1887
46.80,1887
47.40,1887
48.00,1887
48.60,1887
49.20,1887
49.80,1887
50.40,1887
51.00,1887
51.60,1887
52.20,1887
52.80,1887
53.40,1887
54.00,1887
54.60,1887
55.20,1887
55.80,1887
56.40,1887
57.00,1887
57.60,1887
58.20,1262
58.80,1262
59.40,1262
60.00,1262
60.60,1262
61.20,1262
61.80,1262
62.40,1262
63.00,1262
63.60,1262
64.20,1262
64.80,1262
65.40,1262
66.00,1262
66.60,1262
67.20,1262
67.80,1262
68.40,1262
69.00,1262
69.60,1262
70.20,1262
70.80,1262
71.40,1262
72.00,1262
72.60,1262
73.20,1262
73.80,1262
74.40,1262
75.00,1262
75.60,1262
76.20,1262
76.80,1262
77.40,1262
78.00,1262
78.60,1262
79.20,1262
79.80,1262
80.40,1262
81.00,1262
81.60,1262
82.20,1262
82.80,1262
83.40,1262
84.00,1297
84.60,1297
85.20,1297
85.80,1297
86.40,1297
87.00,1297
87.60,1297
88.20,1297
88.80,1297
89.40,1297
90.00,1297
90.60,1297
91.20,1297
91.80,1297
92.40,1297
93.00,1297
93.60,1297
94.20,1297
94.80,1297
95.40,1297
96.00,1297
96.60,1297
97.20,1297
97.80,1297
98.40,1297
99.00,1297
99.60,1297
100.20,1297
100.80,1297
101.40,1297
102.00,1297
102.60,1297
103.20,1297
103.80,1297
104.40,1297
105.00,1297
105.60,1297
106.20,1297
106.80,1297
107.40,1297
108.00,1297
108.60,1297
109.20,1297
109.80,1297
110.40,1297
111.00,1297
111.60,1297
112.20,1297
112.80,1297
113.40,1297
114.00,1297
114.60,1908
115.20,1908
115.80,1908
116.40,1908
117.00,1908
117.60,1908
118.20,1908
-8943.60,1908
-8943.00,1908
-8942.40,1908
-8941.80,1908
-8941.20,1908
-8940.60,1908
-8940.00,1908
-8939.40,1908
-8938.80,1908
-8938.20,1908
-8937.60,1908
-8937.00,1908
-8936.40,1908
-8935.80,1908
-8935.20,1908
-8934.60,1908
-8934.00,1908
-8933.40,1908
-8932.80,1908
-8932.20,1908
-8931.60,1908
-8931.00,1908
-8930.40,1908
-8929.80,1908
-8929.20,1908
-8928.60,1908
-8928.00,1908
-8927.40,1908
-8926.80,1908
-8926.20,1908
-8925.60,1908
-8925.00,1908
-8924.40,1908
-8923.80,1908
-8923.20,2091
-8922.60,2091
-8922.00,2091
-8921.40,2091
-8920.80,2091
-8920.20,2091
-8919.60,2091
-8919.00,2091
-8918.40,2091
-8917.80,2091
-8917.20,2091
-8916.60,2091
-8916.00,2091
-8915.40,2091
-8914.80,2091
-8914.20,2091
-8913.60,2091
-8913.00,2091
-8912.40,2091
-8911.80,2091
-8911.20,2091
-8910.60,2091
-8910.00,2091
-8909.40,2091
-8908.80,2091
-8908.20,2091
-8907.60,2091
-8907.00,2091
-8906.40,2091
-8905.80,2091
-8905.20,2091
-8904.60,2091
-8904.00,2091
-8903.40,2091
-8902.80,2091
-8902.20,2091
-8901.60,2091
-8901.00,2091
-8900.40,2091
-8899.80,2091
-8899.20,2091
-8898.60,2091
-8898.00,62
-8897.40,62
-8896.80,62
-8896.20,62
-8895.60,62
-8895.00,62
-8894.40,62
-8893.80,62
-8893.20,62
-8892.60,62
-8892.00,62
-8891.40,62
-8890.80,62
-8890.20,62
-8889.60,62
-8889.00,62
-8888.40,62
-8887.80,62
-8887.20,62
-8886.60,62
-8886.00,62
-8885.40,62
-8884.80,62
-8884.20,62
-8883.60,62
-8883.00,62
-8882.40,62
-8881.80,62
-8881.20,62
-8880.60,62
-8880.00,62
-8879.40,62
-8878.80,62
-8908.20,62
-8907.60,62
-8907.00,62
-8906.40,62
-8905.80,62
-8905.20,62
-8904.60,62
-8904.00,62
-8903.40,62
-8902.80,2453
-8902.20,2453
-8901.60,2453
-8901.00,2453
-8900.40,2453
-8899.80,2453
-8899.20,2453
-8898.60,2453
-8898.00,2453
-8897.40,2453
-8896.80,2453
-8896.20,2453
-8895.60,2453
-8895.00,2453
-8894.40,2453
-8893.80,2453
-8893.20,2453
-8892.60,2453
-8892.00,2453
-8891.40,2453
-8890.80,2453
-8890.20,2453
-8889.60,2453
-8889.00,2453
-8888.40,2453
-8887.80,2453
-8887.20,2453
-8886.60,2453
-8886.00,2453
-8885.40,2453
-8884.80,2453
-8884.20,2453
-8883.60,2453
-8883.00,2483
-8882.40,2483
-8881.80,2483
-8881.20,2483
-8880.60,2483
-8880.00,2483
-8879.40,2483
-8878.80,2483
-8878.20,2483
-8877.60,2483
-8877.00,2483
-8876.40,2483
-8875.80,2483
-8875.20,2483
-8874.60,2483
-8874.00,2483
-8873.40,2483
-8872.80,2483
-8872.20,2483
-8871.60,2483
-8871.00,2483
-8870.40,2483
-8869.80,2483
-8869.20,2483
-8868.60,2483
-8868.00,2483
-8867.40,2483
-8866.80,2483
-8866.20,2483
-8865.60,2483
-8865.00,2483
-8864.40,2483
-8863.80,2483
-8863.20,2483
-8862.60,2483
-8862.00,2483
-8861.40,2483
-8860.80,2483
-8860.20,2483
-8859.60,2483
-8859.00,2483
-8858.40,3999
-8857.80,3999
-8857.20,3999
-8856.60,3999
-8856.00,3999
-8855.40,3999
-8854.80,3999
-8854.20,3999
-8853.60,3999
-8853.00,3999
-8852.40,3999
-8851.80,3999
-8851.20,3999
-8850.60,3999
-8850.00,3999
-8849.40,3999
-8848.80,3999
-8848.20,3999
-8847.60,3999
-8847.00,3999
-8846.40,3999
-8845.80,3999
-8845.20,3999
-8844.60,3999
-8844.00,3999
-8843.40,3999
-8842.80,3999
-8842.20,3999
-8841.60,3999
-8841.00,3999
-8840.40,3999
-8839.80,3999
-8839.20,3999
-8838.60,3999
-8838.00,3999
-8837.40,3999
-8836.80,3999
-8836.20,3999
-8835.60,3999
-8835.00,3999
-8834.40,3999
-8833.80,3997
-8833.20,3997
-8832.60,3997
-8832.00,3997
-8831.40,3997
-8830.80,3997
-8830.20,3997
-8829.60,3997
-8829.00,3997
-8828.40,3997
-8827.80,3997
-8827.20,3997
-8826.60,3997
-8826.00,3997
-8825.40,3997
-8824.80,3997
-8824.20,3997
-8823.60,3997
-8823.00,3997
-8822.40,3997
-8821.80,3997
-8821.20,3997
-8820.60,3997
-8820.00,3997
-8819.40,3997
-8818.80,3997
-8818.20,3997
-8817.60,3997
-8817.00,3997
-8816.40,3997
-8815.80,3997
-8815.20,3997
-8814.60,3997
-8814.00,3997
-8813.40,3997
-8812.80,3997
-8812.20,3997
-8811.60,3997
-8811.00,3997
-8810.40,3997
-8809.80,3997
-8809.20,1736
-8808.60,1736
-8808.00,1736
-8807.40,1736
-8806.80,1736
-8806.20,1736
-8805.60,1736
-8805.00,1736
-8804.40,1736
-8803.80,1736
-8803.20,1736
-8802.60,1736
-8802.00,1736
-8801.40,1736
-8800.80,1736
-8800.20,1736
-8799.60,1736
-8799.00,1736
-8798.40,1736
-8797.80,1736
-8797.20,1736
-8796.60,1736
-8796.00,1736
-8795.40,1736
-8794.80,1736
-8794.20,1736
-8793.60,1736
-8793.00,1736
-8792.40,1736
-8791.80,1736
-8791.20,1736
-8790.60,1736
-8790.00,1736
-8789.40,1736
-8788.80,1736
-8788.20,1736
-8787.60,1736
-8787.00,1736
-8786.40,1736
-8785.80,1736
-8785.20,1736
-8784.60,1326
-8784.00,1326
-8783.40,1326
-8782.80,1326
-8782.20,1326
-8781.60,1326
-8781.00,1326
-8780.40,1326
-8779.80,1326
-8779.20,1326
-8778.60,1326
-8778.00,1326
0.00,1326
0.60,1326
1.20,1326
1.80,1326
2.40,1326
3.00,1326
3.60,1326
4.20,1326
4.80,1326
5.40,1326
6.00,1326
6.60,1326
7.20,1326
7.80,1326
8.40,1326
9.00,1326
9.60,1326
10.20,1326
10.80,1326
11.40,1326
12.00,1326
12.60,1326
13.20,1326
13.80,1326
14.40,1326
15.00,1326
15.60,1326
16.20,1326
16.80,1326
17.40,1326
18.00,1326
18.60,1650
19.20,1650
19.80,1650
20.40,1650
21.00,1650
21.60,1650
22.20,1650
22.80,1650
23.40,1650
24.00,1650
24.60,1650
25.20,1650
25.80,1650
26.40,1650
27.00,1650
27.60,1650
28.20,1650
28.80,1650
29.40,1650
30.00,1650
30.60,1650
31.20,1650
31.80,1650
32.40,1650
33.00,1650
33.60,1650
34.20,1650
34.80,1650
35.40,1650
36.00,1650
36.60,1650
37.20,1650
37.80,1650
38.40,1650
39.00,1650
39.60,1650
40.20,1650
40.80,1650
41.40,1650
42.00,1650
42.60,1650
43.20,1650
43.80,1650
44.40,1885
45.00,1885
45.60,1885
46.20,1885
46.80,1885
47.40,1885
48.00,1885
48.60,1885
49.20,1885
49.80,1885
50.40,1885
51.00,1885
51.60,1885
52.20,1885
52.80,1885
53.40,1885
54.00,1885
54.60,1885
55.20,1885
55.80,1885
56.40,1885
57.00,1885
57.60,1885
58.20,1885
58.80,1885
59.40,1885
60.00,1885
60.60,1885
61.20,1885
61.80,1885
62.40,1885
63.00,1885
63.60,1885
64.20,1885
64.80,1885
65.40,1885
66.00,1885
66.60,1885
67.20,1885
67.80,1885
68.40,1885
69.00,1885
69.60,1885
70.20,1074
70.80,1074
71.40,1074
72.00,1074
72.60,1074
73.20,1074
73.80,1074
74.40,1074
75.00,1074
75.60,1074
76.20,1074
76.80,1074
77.40,1074
78.00,1074
78.60,1074
79.20,1074
79.80,1074
80.40,1074
81.00,1074
81.60,1074
82.20,1074
82.80,1074
83.40,1074
84.00,1074
84.60,1074
85.20,1074
85.80,1074
86.40,1074
87.00,1074
87.60,1074
88.20,1074
88.80,1074
89.40,1074
90.00,1074
90.60,1074
91.20,1074
91.80,1074
92.40,1074
93.00,1074
93.60,1074
94.20,1074
94.80,1074
95.40,1074
96.00,1309
96.60,1309
97.20,1309
97.80,1309
98.40,1309
99.00,1309
99.60,1309
100.20,1309
100.80,1309
101.40,1309
102.00,1309
102.60,1309
103.20,1309
103.80,1309
104.40,1309
105.00,1309
105.60,1309
106.20,1309
106.80,1309
107.40,1309
108.00,1309
108.60,1309
109.20,1309
109.80,1309
110.40,1309
111.00,1309
111.60,1309
112.20,1309
112.80,1309
113.40,1309
114.00,1309
114.60,1309
115.20,1309
115.80,1309
116.40,1309
117.00,1309
117.60,1309
118.20,1309
118.80,1309
119.40,1309
120.00,1309
120.60,1309
121.20,1309
121.80,1309
122.40,1309
123.00,1309
123.60,1309
124.20,1309
124.80,1309
125.40,1309
